[[ 0.40457879  0.85508552  0.90212184  0.65285433  0.50147599  0.62166451  1.34305496  0.55140923  1.14827127  1.20613456  1.12348444  0.46102554  1.49312446  1.16735104  0.92471587]
 [ 0.4635441   0.89763039  1.04982023  0.77916642  0.53808062  0.76641541  1.06135094  0.77326811  1.00044276  1.19189214  0.97465333  0.51648641  1.36363724  1.1810724   0.95631045]
 [ 0.2897814   0.62282718  0.4727923   0.57578811  0.31730026  0.70683425  0.41747338  0.51822364  0.50479539  0.57218338  0.53590839  0.42656606  0.59468784  0.70990875  0.56312731]
 [ 0.48085432  1.1834153   1.16400058  1.0905479   0.78264118  0.71704323  1.15945774  0.94466576  1.03817917  1.2853119   1.2164001   0.61439884  1.51997619  1.30036991  1.08142897]
 [ 0.25915619  0.81585549  0.60143889  0.65562109  0.42807689  0.59333569  0.99423576  0.47688193  0.90070593  0.89289722  0.96558817  0.47676049  1.11827121  0.92284428  0.7069296 ]
 [ 0.32458238  0.89340214  0.40150674  0.72751216  0.42926893  0.8730663   0.9075742   0.46668132  0.88311375  0.77976443  0.98644341  0.58353544  0.95741709  0.99238419  0.75429256]]
[[ 0.45382335  0.56016469  0.40486382  0.81076456  0.55766196  0.31381548  0.58594587  0.7883      0.47062096  0.78646046  0.9004515   0.25585854  1.14539255  0.85576725  0.64658355]
 [ 0.80165361  0.9174642   0.67609766  1.30255456  0.81650746  0.93607055  0.47345138  1.33306579  0.52931405  1.0307713   1.0685567   0.53206119  1.30363831  1.3276476   1.04985883]
 [ 0.5999605   0.86076712  0.52351653  0.97707391  0.57645376  1.10873483  0.19334673  0.89995884  0.37399227  0.58868138  0.61367001  0.58252825  0.53784355  0.99898681  0.84695634]
 [ 0.73665696  1.27744989  0.80789209  1.37860959  0.90024721  1.19587411  0.68072084  1.16680345  0.7297508   1.00308885  1.14791067  0.75299105  1.12584471  1.41780831  1.19178319]
 [ 0.46398106  0.68330855  0.42001364  0.99283154  0.61173054  0.44502793  0.50762141  0.96516686  0.47378554  0.83672089  0.97975517  0.3593303   1.20272653  0.93252381  0.68142176]
 [ 0.536786    0.91633387  0.44177683  0.98278625  0.62058088  0.95139437  0.44404243  0.78922443  0.5030883   0.63732193  0.81751493  0.56830642  0.71097056  1.01220585  0.84188741]]
[[ 0.59735004  0.57655814  0.88052239  0.82460001  0.61807749  0.34470933  0.79709059  0.98848624  0.65223275  1.14201567  0.93748177  0.23597396  1.49984707  1.07566743  0.85296668]
 [ 0.90041308  0.94791357  1.18538088  1.3133094   0.87741011  0.8993179   0.74308213  1.52187713  0.74968638  1.42279935  1.14128721  0.5079649   1.72066539  1.53339279  1.23801921]
 [ 0.53546892  0.79796821  0.60187947  0.89252221  0.52074354  0.99936635  0.23245907  0.86738004  0.40320754  0.63431985  0.57480972  0.53794688  0.59352171  0.94172925  0.7914962 ]
 [ 0.78729648  1.18504915  1.28699815  1.27479514  0.87702513  1.08188259  0.84230061  1.29602724  0.86442606  1.31724239  1.08194235  0.66469783  1.43240167  1.50474356  1.28192607]
 [ 0.52019614  0.62509925  0.60946845  0.94187825  0.59211075  0.45457598  0.53069886  1.03167028  0.50608939  0.95056959  0.91566319  0.32394725  1.28982965  0.98168323  0.73310315]
 [ 0.45542386  0.75733657  0.40036807  0.81697608  0.49248191  0.85310789  0.34328839  0.69259055  0.42981283  0.55558914  0.6565249   0.49133256  0.59778214  0.86135833  0.70755133]]
[[ 0.26088088  0.30449919  0.33794126  0.33451764  0.24010163  0.27843475  0.48010758  0.35378147  0.4133539   0.5266793   0.48403589  0.16348524  0.68588331  0.53865223  0.41445099]
 [ 0.39148852  0.3665571   0.39212989  0.4655637   0.33194409  0.41439937  0.39335205  0.50712406  0.35867438  0.54984874  0.49044997  0.20208755  0.67763463  0.6484508   0.52623773]
 [ 0.28159424  0.28525392  0.17266886  0.31543299  0.21518423  0.42585036  0.16072922  0.28598705  0.181587    0.23996541  0.25618845  0.18791214  0.24115009  0.41998393  0.3617671 ]
 [ 0.36342525  0.44531246  0.41822889  0.48044353  0.36613178  0.42925545  0.37223789  0.45060894  0.33271381  0.47725358  0.4519695   0.23571905  0.54043871  0.61404324  0.53495793]
 [ 0.21850363  0.2615729   0.20367476  0.32759399  0.21595668  0.23526385  0.34441788  0.32513706  0.30144729  0.40256352  0.4251415   0.14476369  0.55448685  0.44024568  0.32720267]
 [ 0.27058116  0.35692151  0.14639877  0.34094284  0.22357791  0.47761386  0.31797159  0.2565708   0.31365931  0.30883448  0.38964456  0.23831515  0.35914732  0.49511411  0.40163307]]
[[ 0.33559617  0.78087423  0.51618943  0.67708003  0.48488873  0.52681321  1.0605169   0.47914598  0.89146105  0.90313212  1.05376658  0.42243421  1.20689902  0.97023712  0.74733354]
 [ 0.54591799  0.85186724  0.62615974  0.86760508  0.58829776  0.82473003  0.78233448  0.75478866  0.73731836  0.89314614  0.94522513  0.49897054  1.0737431   1.11195185  0.90250262]
 [ 0.50157654  0.68254475  0.38010779  0.71056101  0.45107837  0.88911953  0.34849919  0.60514615  0.41869964  0.51186413  0.57708879  0.45244628  0.51386186  0.85485642  0.72277913]
 [ 0.62240721  1.25096525  0.76419144  1.23175952  0.88043406  0.93456125  0.9825962   0.91720078  0.86920837  1.02245621  1.26336112  0.6741353   1.2421122   1.34660123  1.13726005]
 [ 0.27024281  0.76962585  0.40623636  0.70544933  0.46745183  0.49520309  0.8782107   0.48452207  0.76090643  0.77253333  0.98122246  0.42789091  1.05114945  0.85795698  0.64806737]
 [ 0.50517974  0.98826028  0.40008335  0.89897735  0.59189643  0.98534625  0.8692245   0.59802081  0.81713465  0.77673391  1.05676188  0.61055282  0.95053341  1.13563095  0.91364374]]
[[ 0.41062621  0.83989403  0.45574095  0.62929092  0.40622827  0.8672804   1.31687149  0.40920319  1.17140072  1.03549801  1.20454723  0.53988014  1.356857    1.18515301  0.87622356]
 [ 0.5468714   0.7693917   0.46576329  0.70754782  0.4735468   0.91491502  0.92909166  0.5720128   0.85900524  0.87676435  0.97501178  0.49094905  1.08280339  1.1341683   0.89091346]
 [ 0.4837289   0.56937644  0.26673057  0.54418028  0.3594236   0.84514069  0.47459264  0.43292956  0.48889224  0.4927031   0.58116599  0.39185027  0.53317382  0.82546219  0.68292228]
 [ 0.53716944  0.97569712  0.52452994  0.94836396  0.70012218  0.77023883  0.85100866  0.66769723  0.72234192  0.79890905  1.04663455  0.52341553  0.9980532   1.10610263  0.93353778]
 [ 0.32941602  0.74199631  0.33656744  0.60033871  0.38353039  0.68964624  1.06258913  0.38028269  0.93894541  0.83949776  1.04755357  0.46296732  1.13197969  0.97773523  0.71847476]
 [ 0.56483113  0.97205162  0.3626115   0.77333339  0.49415093  1.19837922  1.17237705  0.47661647  1.09488378  0.92123932  1.18610807  0.65687975  1.1380484   1.30723353  1.01321553]]
[[ 0.66889416  0.88213809  0.91395157  1.01535357  0.73068834  0.63407304  1.22811159  1.0262681   1.03429414  1.39257961  1.3425436   0.43976122  1.84910135  1.40958506  1.09098978]
 [ 1.00704669  1.19521038  1.19975234  1.49437261  0.98842077  1.19085742  1.00976378  1.58653131  0.99808132  1.58483668  1.42614472  0.67816024  1.92901919  1.81473581  1.45397147]
 [ 0.68844984  0.98980398  0.66038787  1.0694375   0.63853453  1.2776967   0.39357555  0.98961427  0.56400438  0.7788562   0.77364812  0.66962945  0.75406391  1.20703502  1.01061517]
 [ 0.92568325  1.55421668  1.33612797  1.61733061  1.1203152   1.33717214  1.13250534  1.45998585  1.10073656  1.51256159  1.48167445  0.8663983   1.71279416  1.84549929  1.56244513]
 [ 0.58075785  0.91172797  0.67435737  1.12893047  0.71250855  0.682608    0.9219681   1.08193479  0.84447768  1.18867581  1.28423688  0.50211275  1.61926681  1.27933592  0.9511415 ]
 [ 0.64761846  1.14068891  0.53369469  1.11746315  0.69209683  1.2657231   0.80717666  0.85853833  0.84776733  0.90018939  1.12557411  0.73761043  1.03660243  1.34165374  1.0808992 ]]
[[ 0.3422686   0.5461056   0.41336002  0.69884218  0.49755269  0.24113458  0.55944873  0.63538811  0.44217281  0.68152778  0.78415196  0.2429438   0.96891437  0.71945015  0.55959833]
 [ 0.6842564   0.92675501  0.70553531  1.19127265  0.74766631  0.90856067  0.45612739  1.17762043  0.52565844  0.9352896   0.94944215  0.54410538  1.1185648   1.20431374  0.97308327]
 [ 0.59203864  0.89694319  0.55592045  1.00628632  0.5887474   1.13137229  0.17903246  0.92350079  0.37550479  0.59471083  0.61250705  0.60671401  0.52767993  1.00494424  0.85510873]
 [ 0.73241922  1.35553181  0.87059706  1.4286265   0.93119391  1.23736832  0.72906508  1.19362244  0.78190957  1.04813999  1.19329256  0.79873619  1.16380628  1.46147195  1.23124546]
 [ 0.33474993  0.68383253  0.42810057  0.87085913  0.53787331  0.39679325  0.48737173  0.79065575  0.46131553  0.72387127  0.85706519  0.3635478   1.00387311  0.79075084  0.58925263]
 [ 0.51401341  0.94234892  0.45940555  1.00540926  0.63617169  0.93026158  0.41340741  0.79722201  0.47828674  0.61778645  0.80430107  0.57684567  0.67723907  0.98746117  0.82935887]]
[[ 0.33748783  0.51323898  0.63059723  0.36155948  0.25308083  0.59599745  0.92281514  0.37700338  0.84448981  0.87126009  0.71110038  0.32835348  1.03119221  0.86347338  0.66704218]
 [ 0.39458677  0.69539817  0.82794754  0.61302885  0.3682458   0.77635017  0.74646531  0.66433901  0.78749335  0.94263823  0.70726412  0.45591709  1.0263383   0.96578055  0.76425906]
 [ 0.2639392   0.58498031  0.45282992  0.54289813  0.2634627   0.74241244  0.32388323  0.51700746  0.46309655  0.52953516  0.45732164  0.43127186  0.51515955  0.66328169  0.51597862]
 [ 0.36920558  0.74039678  0.86838706  0.71312955  0.45223567  0.66686694  0.5713702   0.74251046  0.62336276  0.8543872   0.6390903   0.44362757  0.90078144  0.8786781   0.72812265]
 [ 0.22399818  0.52093096  0.45453191  0.41257871  0.21780417  0.59112169  0.6308543   0.37892023  0.65187694  0.65756859  0.59438654  0.36414692  0.76061575  0.69087987  0.51256892]
 [ 0.29768756  0.63995774  0.34192028  0.50583143  0.24146577  0.87858084  0.62247214  0.39554488  0.69951576  0.62100318  0.66040042  0.48789921  0.68539015  0.81067582  0.60341402]]
[[ 0.38503557  0.93671002  0.59535188  0.7237808   0.47931366  0.80599258  1.36773104  0.4916963   1.2074729   1.12090322  1.27066335  0.56728601  1.45876701  1.21385328  0.90864273]
 [ 0.35862454  1.01226099  0.79718502  0.89432546  0.49248297  0.94036689  0.98275812  0.78165241  1.02732075  1.10608925  1.0793772   0.66123935  1.30242154  1.16781894  0.87413614]
 [ 0.18341897  0.77372341  0.54546428  0.6786207   0.29315432  0.82956397  0.46308881  0.60018689  0.63976248  0.67519283  0.63289845  0.5662537   0.69938842  0.7556034   0.55157981]
 [ 0.26420834  1.28933397  0.90780567  1.16340851  0.70804479  0.76907916  1.02736141  0.8833164   1.01276014  1.12425853  1.25516527  0.74074284  1.36037678  1.15819667  0.90066936]
 [ 0.30388663  1.02683579  0.57959757  0.8698621   0.50223446  0.84437256  1.11226389  0.62078094  1.06787561  1.02673537  1.20555208  0.64625918  1.30706248  1.12920867  0.82958805]
 [ 0.29592246  1.10866014  0.53357475  0.86347089  0.45517463  1.06885843  1.15458208  0.56282597  1.16600703  1.01334419  1.22381548  0.7521154   1.23973556  1.18810288  0.86521197]]
