HOOI model initial finish
step=1, RMSE=149.415312286971840
factor matrices:
[[-0.4866734   0.15261649]
 [-0.45733443 -0.88342421]
 [-0.74430788  0.44302355]]

[[ 0.40589928 -0.279536  ]
 [ 0.36765997  0.49505983]
 [ 0.61962233 -0.61075324]
 [ 0.56226336  0.55114052]]

[[ 0.32687472  0.22150895]
 [ 0.2512032  -0.47493154]
 [ 0.50599549  0.3016272 ]
 [ 0.39248821 -0.74303352]
 [ 0.64805204  0.28687286]]

core tensor:
[[ -8.16710365e+05   8.36923746e-02]
 [  1.71861242e-01  -1.86412918e+03]]

[[  1.31717987e-01  -2.42966873e+03]
 [ -1.18106445e+03  -5.75880457e+01]]

full tensor:
[[  52672.88718601   47835.57121458   80376.65023352   73120.67627638]
 [  49427.96892692   45366.80299979   75307.44203032   69215.69313963]
 [  80570.98397381   73073.98558901  122971.99940728  111726.50183008]]

[[ 40737.99492114  36429.54252227  62303.99667559  55841.31807728]
 [ 37921.74599707  34245.75973043  57914.57604822  52400.59664827]
 [ 62377.38241898  55712.03939126  95415.70780489  85417.69326331]]

[[  81553.1280637    74027.26173657  124455.62723018  113166.82773949]
 [  76509.43103814   70187.33158318  116577.01587534  107093.86669291]
 [ 124751.59360453  113088.57787457  190416.49577946  172921.97218452]]

[[  63650.78966639   56918.21869809   97346.64689329   87247.79044084]
 [  59250.09664336   53505.76667914   90487.71690221   81871.22195587]
 [  97461.19127228   87045.65857794  149082.05837588  133458.75933437]]

[[ 104488.79812647   94758.98602823  159478.51754311  144883.79939575]
 [  97979.39021981   89796.84623527  149311.91563917  137038.09966235]
 [ 159845.86823474  144769.18638654  244015.81460603  221400.79183372]]

step=2, RMSE=149.414542852546134
factor matrices:
[[-0.4866734   0.1527593 ]
 [-0.45733443 -0.88344114]
 [-0.74430788  0.44294057]]

[[-0.40589928  0.27981322]
 [-0.36765997 -0.49483357]
 [-0.61962233  0.61062401]
 [-0.56226336 -0.55134618]]

[[-0.32687472 -0.2214407 ]
 [-0.2512032   0.47458104]
 [-0.50599549 -0.30069098]
 [-0.39248821  0.74334165]
 [-0.64805204 -0.28768903]]

core tensor:
[[ -8.16710365e+05   8.25272651e-02]
 [  1.70951318e-01  -1.86383367e+03]]

[[  1.30949960e-01  -2.43031872e+03]
 [ -1.18019801e+03  -5.76090635e+01]]

full tensor:
[[  52672.86644331   47835.49307969   80376.72623152   73120.66618608]
 [  49427.67604409   45366.49448244   75307.44979478   69215.67745229]
 [  80570.98543388   73074.04822279  122972.05617616  111726.65035953]]

[[ 40738.09168523  36429.77252264  62303.75814131  55841.27939742]
 [ 37922.02070775  34246.15424306  57914.88238893  52401.08269189]
 [ 62377.37633969  55712.35876644  95415.02990656  85417.50354668]]

[[  81553.4469431    74026.71844806  124456.43513341  113166.34239084]
 [  76508.92555692   70186.07340648  116577.10140217  107092.82317651]
 [ 124752.20415153  113088.10078102  190417.74699669  172921.59194093]]

[[  63651.28480598   56918.13761249   97346.98299808   87247.26220785]
 [  59250.44255241   53505.56304742   90488.25029339   81870.93103591]
 [  97461.79051025   87045.56659649  149082.20759229  133457.87172166]]

[[ 104488.4398254    94759.3404717   159477.88887301  144884.23984246]
 [  97979.01160092   89797.20465848  149311.94763727  137039.23722362]
 [ 159845.26068217  144769.96598411  244014.54735662  221401.60530953]]

step=3, RMSE=149.414538458866559
factor matrices:
[[-0.4866734   0.15266291]
 [-0.45733443 -0.88342972]
 [-0.74430788  0.44299658]]

[[ 0.40589928 -0.27984033]
 [ 0.36765997  0.49481144]
 [ 0.61962233 -0.61061137]
 [ 0.56226336  0.55136629]]

[[ 0.32687472  0.22144017]
 [ 0.2512032  -0.47457828]
 [ 0.50599549  0.3006836 ]
 [ 0.39248821 -0.74334407]
 [ 0.64805204  0.28769546]]

core tensor:
[[ -8.16710365e+05   8.24713538e-02]
 [  1.71047623e-01  -1.86382743e+03]]

[[  1.30978414e-01  -2.43034214e+03]
 [ -1.18015964e+03  -5.76094325e+01]]

full tensor:
[[  52672.85532844   47835.52991829   80376.70687888   73120.71876365]
 [  49427.65197487   45366.46930391   75307.45733155   69215.6833251 ]
 [  80570.98643676   73074.02618528  122972.07015751  111726.62978028]]

[[ 40738.07413056  36429.7854733   62303.68993308  55841.25694719]
 [ 37922.03711031  34246.16244342  57914.90152025  52401.08951992]
 [ 62377.42140534  55712.37662886  95415.04677275  85417.47960803]]

[[  81553.43185741   74026.77099835  124456.40728061  113166.41599202]
 [  76508.88991552   70186.02976345  116577.11436852  107092.82414042]
 [ 124752.21339215  113088.06428229  190417.77856735  172921.55490256]]

[[  63651.2600606    56918.15433087   97346.88186192   87247.22326733]
 [  59250.46761867   53505.56947272   90488.28065157   81870.93343265]
 [  97461.86584502   87045.58994767  149082.24349021  133457.82964419]]

[[ 104488.41296561   94759.41337399  159477.83239961  144884.33301217]
 [  97978.97273465   89797.16767246  149311.96528168  137039.25768839]
 [ 159845.26827076  144769.93511778  244014.56698425  221401.56725477]]

step=4, RMSE=149.414538431235655
factor matrices:
[[-0.4866734   0.15266107]
 [-0.45733443 -0.8834295 ]
 [-0.74430788  0.44299765]]

[[-0.40589928  0.27984181]
 [-0.36765997 -0.49481023]
 [-0.61962233  0.61061067]
 [-0.56226336 -0.55136739]]

[[-0.32687472 -0.22143977]
 [-0.2512032   0.47457624]
 [-0.50599549 -0.30067815]
 [-0.39248821  0.74334586]
 [-0.64805204 -0.28770021]]

core tensor:
[[ -8.16710365e+05   8.24665761e-02]
 [  1.71054870e-01  -1.86382638e+03]]

[[  1.30978794e-01  -2.43034582e+03]
 [ -1.18015372e+03  -5.76095029e+01]]

full tensor:
[[  52672.85507203   47835.5305487    80376.70677491   73120.71998991]
 [  49427.65027618   45366.46748461   75307.45718695   69215.6829996 ]
 [  80570.98663341   73074.02591183  122972.07094152  111726.62985916]]

[[ 40738.07364845  36429.7867552   62303.6868947   55841.25655482]
 [ 37922.0388967   34246.16495616  57914.90361462  52401.09270381]
 [ 62377.42171338  55712.37827022  95415.04375569  85417.47859096]]

[[  81553.43344636   74026.76945576  124456.41106154  113166.41507565]
 [  76508.88699815   70186.02241625  116577.11460562  107092.81773276]
 [ 124752.21725665  113088.06053234  190417.78659686  172921.55151038]]

[[  63651.26131099   56918.15376551   97346.88124122   87247.21992301]
 [  59250.46992893   53505.56862356   90488.28424712   81870.93228908]
 [  97461.8698766    87045.58906992  149082.24581811  133457.82460808]]

[[ 104488.41038589   94759.4173815   159477.82736409  144884.33785751]
 [  97978.97058225   89797.16976982  149311.96519571  137039.26397705]
 [ 159845.26514761  144769.93845778  244014.56063687  221401.57060213]]

step=5, RMSE=149.414538431056116
factor matrices:
[[-0.4866734   0.15266052]
 [-0.45733443 -0.88342943]
 [-0.74430788  0.44299797]]

[[ 0.40589928 -0.27984201]
 [ 0.36765997  0.49481007]
 [ 0.61962233 -0.61061059]
 [ 0.56226336  0.55136753]]

[[ 0.32687472  0.22143976]
 [ 0.2512032  -0.47457618]
 [ 0.50599549  0.300678  ]
 [ 0.39248821 -0.74334591]
 [ 0.64805204  0.28770034]]

core tensor:
[[ -8.16710365e+05   8.24661300e-02]
 [  1.71055397e-01  -1.86382631e+03]]

[[  1.30978891e-01  -2.43034603e+03]
 [ -1.18015339e+03  -5.76095074e+01]]

full tensor:
[[  52672.85500378   47835.5307588    80376.70666861   73120.72030114]
 [  49427.65010024   45366.46730019   75307.4572322    69215.68303211]
 [  80570.98663978   73074.02578795  122972.07103133  111726.62975359]]

[[ 40738.07355444  36429.78685819  62303.68646191  55841.25641753]
 [ 37922.03902549  34246.16505035  57914.90376334  52401.09280063]
 [ 62377.4219794   55712.37841235  95415.04377842  85417.47842785]]

[[  81553.43339356   74026.76970592  124456.4109887   113166.41545723]
 [  76508.88672947   70186.02201347  116577.11469189  107092.81761789]
 [ 124752.21738198  113088.06026048  190417.78692838  172921.55124613]]

[[  63651.26121955   56918.15385499   97346.88067865   87247.21963181]
 [  59250.47011735   53505.56863872   90488.2844886    81870.93227066]
 [  97461.87039142   87045.58919709  149082.24604902  133457.82425752]]

[[ 104488.41018524   94759.41785559  159477.82695628  144884.33846181]
 [  97978.97030898   89797.16959225  149311.96530336  137039.26422828]
 [ 159845.2651231   144769.93836346  244014.56060852  221401.57046906]]

HOOI model train finish, with RMSE = 149.414538431056116
